0 13501
1 12779
2 12390
3 11656
4 11345
5 10961
6 10861
7 10609
8 10843
9 10842
10 11191
11 11904
12 11696
13 12362
14 12521
15 12870
16 13111
17 13303
18 13552
19 13409
20 13478
21 13616
22 13695
23 13766
24 13495
25 13712
26 13847
27 13855
28 14100
29 14437
30 14737
31 14648
32 14877
33 14988
34 15257
35 15064
36 15424
37 15540
38 15720
39 15564
40 15474
41 15491
42 15622
43 15583
44 15452
45 15944
46 15240
47 15257
48 15335
49 15269
50 15138
51 15032
52 15281
53 15438
54 15460
55 15288
56 15579
57 15905
58 16173
59 16156
60 16084
61 16165
62 15994
63 15824
64 15596
65 15221
66 15157
67 15056
68 14832
69 14768
70 14594
71 14511
72 14536
73 14677
74 14701
75 14935
76 14790
77 14935
78 15109
79 15056
80 15283
81 15202
82 15545
83 15651
84 15676
85 16044
86 16246
87 16511
88 16862
89 16805
90 17041
91 17305
92 17010
93 17305
94 17494
95 17277
96 17098
97 16924
98 16769
99 16037
100 16008
101 15603
102 15092
103 14696
104 14220
105 14003
106 13774
107 13275
108 13110
109 12753
110 12850
111 12481
112 12607
113 12705
114 13149
115 13850
116 14022
117 14203
118 14138
119 14355
120 14630
121 14672
122 14875
123 14926
124 15125
125 14994
126 15142
127 15052
128 15121
129 15138
130 15033
131 14975
132 14895
133 15028
134 14889
135 14968
136 15095
137 15131
138 15293
139 15245
140 15436
141 15595
142 15643
143 15732
144 15521
145 15500
146 15243
147 15090
148 14744
149 14491
150 14455
151 14153
152 13468
153 13399
154 12991
155 12564
156 12039
157 11420
158 10849
159 10811
160 10695
161 11214
162 11952
163 12535
164 13523
165 12951
166 12769
167 12924
168 12714
169 12738
170 12350
171 12390
172 12243
173 12035
174 11966
175 11830
176 12149
177 12271
178 12118
179 12595
180 12931
181 12795
182 12882
183 13153
184 12951
185 13151
186 13137
187 13161
188 12982
189 13006
190 12896
191 13061
192 13044
193 12936
194 13110
195 13318
196 30122
197 13690
198 13687
199 13945
200 13800
201 14127
202 14427
203 14341
204 14232
205 14177
206 14424
207 14327
208 14077
209 13898
210 13811
211 13630
212 13413
213 13242
214 13254
215 13032
216 13172
217 13253
218 13430
219 13675
220 13704
221 13780
222 13809
223 13847
224 13926
225 13986
226 14034
227 14024
228 13850
229 14167
230 13745
231 13931
232 13883
233 13761
234 13785
235 13442
236 13418
237 13309
238 13229
239 13227
240 13060
241 13017
242 13037
243 12831
244 12662
245 12617
246 12376
247 12200
248 11785
249 11138
250 10907
251 10413
252 10112
253 9573
254 9264
255 9214
256 8586
257 8644
258 8327
259 8532
260 8615
261 8600
262 9292
263 9555
264 10211
265 10675
266 11286
267 11582
268 12149
269 12433
270 12576
271 13010
272 12633
273 12645
274 12948
275 13161
276 13513
277 13823
278 14084
279 14551
280 14480
281 14138
282 14289
283 14150
284 14022
285 13962
286 13959
287 13830
288 13886
289 13296
290 13148
291 13049
292 12696
293 12605
294 12454
295 12107
296 11777
297 11779
298 11085
299 10828
300 10649
301 10440
302 10563
303 11114
304 11989
305 12476
306 13175
307 13254
308 13456
309 13613
310 13576
311 13471
312 13647
313 13707
314 13291
315 13358
316 13153
317 13260
318 13029
319 13254
320 13552
321 13389
322 13669
323 13675
324 13981
325 14050
326 14215
327 14305
328 14369
329 14422
330 14477
331 14610
332 14501
333 14448
334 14661
335 14740
336 14410
337 14737
338 14632
339 14658
340 14332
341 14482
342 14575
343 14336
344 14424
345 14250
346 14324
347 14069
348 14108
349 13795
350 13654
351 13258
352 13148
353 12784
354 12605
355 12161
356 11661
357 11500
358 11434
359 11333
360 11308
361 11379
362 11558
363 11508
364 11766
365 12380
366 12187
367 12080
368 12855
369 12250
370 12447
371 12426
372 12567
373 12311
374 12411
375 12497
376 12347
377 12340
378 12431
379 12336
380 12526
381 12559
382 12617
383 12782
384 12943
385 12829
386 12972
387 13012
388 13175
389 13335
390 13516
391 13377
392 13580
393 13602
394 13408
395 13440
396 13335
397 13184
398 13015
399 12953
400 12614
401 12502
402 12479
403 12273
404 12293
405 12035
406 11877
407 11975
408 12180
409 12130
410 11722
411 11672
412 11257
413 10983
414 10702
415 10203
416 9939
417 9514
418 8977
419 8539
420 8209
421 7978
422 7770
423 7914
424 8317
425 9006
426 9740
427 10406
428 11121
429 11252
430 12211
431 12371
432 12777
433 13068
434 13349
435 13494
436 13764
437 13978
438 13830
439 14040
440 14005
441 13936
442 13618
443 13761
444 13931
445 13540
446 13414
447 13551
448 13141
449 13030
450 13051
451 12975
452 12953
453 12960
454 13425
455 12655
456 12555
457 12471
458 12483
459 12881
460 12691
461 13123
462 12972
463 13203
464 13160
465 13716
466 13499
467 13697
468 13599
469 13451
470 13595
471 13842
472 13709
473 13676
474 13704
475 13521
476 13497
477 13318
478 13411
479 13254
480 12999
481 12812
482 12436
483 12281
484 12188
485 12113
486 11997
487 11890
488 11606
489 11470
490 11186
491 10905
492 10618
493 10358
494 9831
495 9724
496 9097
497 8927
498 8792
499 8863
500 8773
501 9276
502 9407
503 9686
504 10222
505 10768
506 10945
507 11555
508 12166
509 12560
510 13077
511 13177
512 13322
513 13664
514 13656
515 13823
516 13656
517 13640
518 13504
519 13540
520 13595
521 13683
522 13702
523 13659
524 13633
525 13537
526 13613
527 13535
528 13430
529 13509
530 13204
531 13253
532 13154
533 13163
534 13210
535 12948
536 12832
537 12703
538 12374
539 13148
540 12025
541 11565
542 11183
543 10897
544 10609
545 10211
546 9826
547 9261
548 8801
549 8255
550 7876
551 7597
552 7122
553 7055
554 6843
555 6814
556 6934
557 7062
558 7251
559 7845
560 8569
561 8999
562 10089
563 11100
564 12014
565 12867
566 13561
567 14179
568 14356
569 14656
570 14923
571 15049
572 14820
573 14916
574 14684
575 14563
576 14146
577 14019
578 13638
579 13561
580 13387
581 13347
582 13117
583 12956
584 12777
585 12936
586 12671
587 12788
588 12819
589 12803
590 12519
591 12664
592 12719
593 12746
594 12898
595 12888
596 13227
597 13297
598 13117
599 13273
600 13370
601 13606
602 13507
603 13313
604 13308
605 13199
606 13034
607 12764
608 12653
609 12659
610 12440
611 12245
612 12171
613 12078
614 12183
615 11961
616 12256
617 12447
618 12691
619 12772
620 12910
621 13194
622 13316
623 13342
624 13657
625 13693
626 13907
627 13664
628 13699
629 13702
630 13545
631 13690
632 13649
633 13709
634 13743
635 13883
636 13697
637 14084
638 14310
639 14418
640 14420
641 14730
642 14882
643 14882
644 15083
645 14975
646 15090
647 15174
648 14966
649 15135
650 15142
651 14892
652 14840
653 14413
654 14212
655 13786
656 13712
657 13261
658 13096
659 12769
660 12314
661 12292
662 12209
663 12531
664 12784
665 13067
666 13244
667 13325
668 13437
669 13645
670 13795
671 13909
672 13676
673 13797
674 13704
675 13645
676 13445
677 13230
678 13106
679 13003
680 12989
681 13096
682 13068
683 13234
684 13478
685 13423
686 13662
687 13681
688 14320
689 14050
690 13943
691 14121
692 14127
693 13917
694 13978
695 14155
696 14091
697 14220
698 14239
699 14346
700 16456
701 14467
702 14546
703 14561
704 15001
705 14742
706 15033
707 15137
708 15298
709 15107
710 15202
711 15493
712 15524
713 15161
714 15159
715 15228
716 15212
717 15035
718 14758
719 14718
720 15510
721 14846
722 14546
723 14277
724 14236
725 13809
726 13411
727 13003
728 12469
729 12138
730 11351
731 10735
732 10260
733 9390
734 8844
735 8081
736 7639
737 7107
738 6452
739 6020
740 5526
741 5118
742 4620
743 4318
744 4010
745 3755
746 3530
747 3266
748 3092
749 2906
750 2695
751 2586
752 2564
753 2378
754 2734
755 2211
756 2035
757 2128
758 2159
759 2138
760 1982
761 1978
762 2271
763 2001
764 2085
765 2030
766 2273
767 2324
768 2264
769 2300
770 2484
771 2550
772 2812
773 5269
774 3258
775 3409
776 3836
777 4224
778 4756
779 6380
780 5180
781 5672
782 5968
783 6342
784 6698
785 7382
786 7592
787 8069
788 8364
789 9047
790 9412
791 9697
792 10234
793 10620
794 10947
795 10907
796 11407
797 11460
798 11720
799 12040
800 12204
801 12385
802 12574
803 12717
804 12996
805 12886
806 13061
807 14238
808 12958
809 13123
810 13053
811 13218
812 13144
813 13055
814 13414
815 13198
816 13225
817 13402
818 13349
819 13414
820 13532
821 13628
822 13575
823 14102
824 14064
825 14207
826 14568
827 14589
828 14792
829 14730
830 15044
831 15059
832 15312
833 14777
834 14572
835 14513
836 14148
837 13893
838 13547
839 12989
840 12917
841 26101
842 12228
843 11903
844 11704
845 11689
846 11615
847 11422
848 11425
849 11532
850 11811
851 11866
852 11770
853 12636
854 12169
855 12412
856 12807
857 13151
858 13184
859 13611
860 13706
861 13631
862 14083
863 14096
864 13960
865 14155
866 13892
867 13978
868 13817
869 13876
870 13628
871 13461
872 13251
873 13273
874 12977
875 12736
876 12605
877 12504
878 12400
879 12264
880 12175
881 12283
882 12262
883 12547
884 12669
885 12782
886 13409
887 13358
888 13435
889 13914
890 13816
891 13525
892 13904
893 14325
894 13544
895 13421
896 13199
897 13204
898 13191
899 12948
900 13246
901 13132
902 13170
903 13103
904 13349
905 13194
906 13260
907 13408
908 13304
909 13303
910 13334
911 13399
912 13241
913 13282
914 13201
915 13563
916 13687
917 14408
918 14096
919 14193
920 14453
921 14704
922 14770
923 14887
924 14880
925 14976
926 14947
927 14784
928 14553
929 14493
930 14224
931 13902
932 13780
933 13678
934 13554
935 13406
936 13346
937 12955
938 12944
939 12896
940 12760
941 12498
942 12333
943 12175
944 12056
945 12133
946 11537
947 11494
948 11386
949 11217
950 11004
951 10747
952 10713
953 10575
954 10530
955 10471
956 10661
957 10587
958 10966
959 10983
960 11007
961 11401
962 11708
963 11694
964 12125
965 12579
966 12674
967 12951
968 13265
969 13487
970 13466
971 13473
972 13507
973 13475
974 13440
975 13141
976 13149
977 13065
978 13132
979 12981
980 13194
981 13098
982 13053
983 13101
984 13461
985 13526
986 13762
987 13733
988 13817
989 14038
990 14098
991 13867
992 14177
993 14102
994 13904
995 13804
996 13921
997 13733
998 13533
999 13669
1000 13365
1001 13098
1002 13533
1003 13189
1004 13127
1005 12872
1006 12765
1007 12617
1008 12083
1009 11789
1010 11389
1011 10899
1012 10745
1013 10685
1014 11031
1015 11338
1016 11706
1017 12097
1018 12605
1019 12664
1020 13185
1021 13569
1022 13501
1023 13840
1024 14198
1025 14186
1026 14456
1027 14517
1028 14703
1029 14770
1030 15044
1031 15205
1032 14818
1033 15118
1034 15064
1035 15056
1036 15032
1037 15054
1038 14952
1039 14992
1040 15290
1041 14697
1042 14630
1043 14363
1044 14038
1045 13675
1046 13261
1047 12779
1048 12355
1049 11897
1050 11524
1051 10911
1052 10590
1053 9917
1054 9263
1055 8736
1056 8868
1057 7887
1058 7460
1059 7206
1060 6821
1061 7007
1062 7079
1063 7122
1064 7234
1065 8102
1066 7804
1067 8105
1068 8820
1069 9335
1070 9622
1071 10516
1072 10840
1073 11639
1074 12121
1075 12872
1076 13495
1077 13878
1078 14239
1079 14553
1080 14703
1081 14649
1082 14730
1083 14522
1084 14269
1085 14074
1086 13978
1087 13402
1088 13416
1089 13108
1090 12851
1091 12486
1092 12214
1093 11431
1094 10664
1095 10029
1096 9653
1097 9304
1098 8932
1099 8992
1100 9075
1101 9118
1102 11884
1103 8579
1104 8217
1105 8167
1106 7961
1107 8224
1108 8305
1109 8531
1110 8775
1111 9331
1112 9939
1113 10280
1114 10640
1115 11176
1116 11651
1117 11815
1118 12002
1119 12328
1120 12238
1121 11980
1122 11810
1123 11572
1124 11184
1125 10725
1126 10310
1127 10051
1128 9726
1129 9876
1130 9435
1131 9421
1132 9280
1133 9473
1134 9504
1135 9860
1136 10351
1137 10625
1138 10868
1139 10055
1140 11727
1141 12123
1142 12562
1143 13094
1144 13408
1145 13547
1146 13668
1147 13950
1148 14148
1149 14282
1150 14281
1151 14153
1152 14138
1153 14298
1154 14088
1155 14195
1156 13859
1157 13606
1158 13564
1159 13304
1160 13411
1161 13220
1162 13070
1163 13170
1164 12910
1165 12791
1166 12254
1167 12280
1168 12113
1169 11994
1170 11729
1171 11580
1172 11474
1173 11381
1174 11379
1175 11202
1176 11424
1177 11271
1178 11593
1179 11384
1180 11467
1181 11980
1182 12102
1183 12433
1184 12552
1185 12750
1186 13010
1187 12939
1188 13265
1189 13322
1190 13454
1191 13363
1192 13607
1193 13606
1194 13943
1195 13952
1196 13764
1197 13990
1198 14236
1199 14393
1200 13046
1201 14370
1202 14270
1203 14057
1204 13962
1205 13862
1206 13557
1207 13346
1208 13239
1209 12963
1210 12583
1211 12586
1212 12383
1213 12119
1214 12385
1215 12350
1216 12166
1217 12338
1218 12417
1219 12445
1220 12533
1221 12609
1222 12696
1223 12817
1224 12875
1225 12851
1226 13167
1227 13110
1228 13175
1229 13497
1230 13430
1231 13380
1232 13606
1233 13619
1234 13780
1235 13532
1236 13117
1237 13401
1238 13177
1239 12901
1240 12741
1241 12638
1242 12560
1243 12231
1244 11946
1245 11770
1246 11642
1247 11252
1248 11217
1249 11159
1250 11219
1251 11159
1252 11105
1253 11212
1254 11322
1255 11432
1256 12629
1257 11885
1258 11780
1259 12047
1260 12233
1261 12168
1262 12393
1263 12493
1264 12442
1265 12817
1266 12609
1267 15517
1268 12877
1269 12844
1270 12745
1271 12922
1272 12917
1273 13008
1274 12956
1275 12777
1276 12805
1277 12624
1278 12667
1279 12739
1280 13020
1281 12901
1282 13053
1283 13249
1284 13051
1285 13177
1286 13158
1287 13160
1288 13189
1289 12894
1290 13132
1291 13006
1292 12905
1293 12912
1294 12998
1295 12999
1296 12977
1297 13010
1298 12886
1299 12781
1300 12784
1301 13948
1302 12467
1303 12442
1304 11827
1305 11835
1306 11417
1307 11072
1308 10907
1309 10408
1310 10115
1311 9953
1312 9707
1313 9509
1314 9139
1315 9047
1316 8849
1317 8916
1318 8897
1319 9059
1320 9030
1321 32766
1322 9517
1323 9490
1324 9898
1325 10037
1326 10632
1327 10654
1328 11360
1329 11491
1330 11868
1331 12037
1332 12350
1333 12583
1334 12781
1335 12875
1336 13089
1337 13258
1338 13137
1339 13306
1340 13473
1341 13595
1342 13480
1343 13771
1344 13761
1345 13619
1346 13697
1347 13478
1348 13754
1349 13587
1350 13649
1351 13642
1352 13397
1353 13571
1354 13516
1355 13504
1356 13533
1357 13693
1358 13743
1359 13635
1360 13315
1361 13316
1362 13272
1363 13280
1364 13328
1365 13325
1366 13552
1367 13325
1368 13371
1369 13390
1370 13037
1371 13044
1372 12715
1373 12781
1374 12791
1375 12874
1376 12903
1377 12614
1378 12478
1379 12569
1380 12645
1381 12459
1382 12826
1383 12533
1384 12502
1385 12576
1386 12962
1387 12779
1388 12889
1389 12979
1390 12860
1391 13134
1392 13075
1393 13210
1394 13084
1395 13196
1396 13142
1397 13180
1398 13024
1399 13380
1400 13296
1401 13306
1402 13318
1403 13234
1404 13588
1405 13507
1406 13797
1407 13649
1408 14048
1409 14029
1410 13935
1411 13831
1412 13757
1413 13778
1414 13616
1415 13623
1416 13514
1417 12991
1418 13010
1419 12667
1420 13334
1421 12538
1422 12681
1423 12467
1424 13830
1425 12519
1426 12541
1427 12469
1428 12404
1429 12540
1430 12605
1431 12865
1432 12862
1433 12791
1434 12903
1435 12999
1436 12841
1437 12863
1438 13318
1439 12850
1440 12779
1441 12758
1442 12714
1443 12770
1444 12677
1445 12753
1446 12677
1447 12609
1448 12553
1449 12373
1450 12094
1451 12121
1452 11916
1453 11982
1454 12083
1455 12082
1456 12071
1457 12276
1458 12304
1459 12326
1460 12392
1461 12438
1462 12574
1463 12216
1464 12242
1465 11989
1466 11980
1467 11660
1468 11432
1469 11079
1470 11024
1471 10714
1472 10423
1473 10075
1474 9979
1475 9943
1476 9877
1477 10170
1478 10191
1479 10546
1480 10781
1481 11043
1482 11252
1483 11827
1484 12118
1485 12381
1486 12831
1487 12889
1488 13347
1489 13409
1490 13420
1491 13335
1492 13445
1493 13260
1494 13251
1495 12958
1496 13061
1497 12919
1498 12672
1499 12583
1500 12490
1501 13099
1502 12591
1503 12488
1504 12834
1505 12574
1506 12879
1507 13187
1508 13172
1509 12958
1510 13383
1511 13220
1512 13211
1513 13437
1514 13122
1515 13289
1516 13215
1517 13136
1518 13068
1519 13127
1520 13489
1521 13509
1522 13322
1523 13480
1524 13511
1525 13371
1526 13501
1527 13507
1528 13359
1529 13282
