0 25569
1 24836
2 25295
3 26066
4 26651
5 26971
6 27052
7 27132
8 26854
9 26602
10 26412
11 25781
12 24851
13 24070
14 24165
15 24813
16 25687
17 26468
18 26828
19 26920
20 26854
21 26607
22 25730
23 24799
24 24308
25 24884
26 25602
27 25710
28 25858
29 26197
30 26488
31 26765
32 26919
33 26912
34 26143
35 24553
36 22375
37 20621
38 20815
39 22437
40 24371
41 25719
42 26562
43 26645
44 26595
45 26377
46 26200
47 25677
48 24081
49 21684
50 20188
51 20529
52 22167
53 23787
54 23909
55 23496
56 23617
57 24161
58 24993
59 25699
60 26304
61 26748
62 26826
63 26863
64 26220
65 25108
66 24492
67 24310
68 23676
69 22353
70 20343
71 19165
72 20031
73 22083
74 24219
75 25396
76 26471
77 27143
78 27383
79 27274
80 27620
81 27842
82 27682
83 27792
84 27585
85 27838
86 27750
87 27645
88 27796
89 27663
90 27559
91 27680
92 27182
93 26996
94 27069
95 27194
96 27143
97 27111
98 25823
99 24376
100 23554
101 23625
102 24926
103 26269
104 27113
105 27280
106 27419
107 27638
108 27682
109 27622
110 27751
111 27668
112 27642
113 27641
114 27339
115 27419
116 27058
117 27313
118 27207
119 27120
120 27171
121 27007
122 26957
123 26958
124 27310
125 27284
126 27364
127 27251
128 27099
129 27325
130 27487
131 27336
132 27353
133 27361
134 27482
135 27614
136 27447
137 27169
138 27238
139 27202
140 27124
141 27410
142 27727
143 27072
144 26956
145 26616
146 26762
147 27199
148 27032
149 27413
150 27508
151 27739
152 27513
153 27831
154 28069
155 27805
156 27738
157 27832
158 27821
159 27915
160 27887
161 27710
162 27862
163 27708
164 27806
165 27699
166 27937
167 27906
168 27918
169 27894
170 27749
171 27629
172 27404
173 27573
174 27731
175 27793
176 27964
177 27860
178 27725
179 28138
180 27823
181 27714
182 27637
183 27585
184 27969
185 27822
186 27966
187 27993
188 27946
189 27809
190 27743
191 26845
192 26358
193 26385
194 26994
195 27390
196 27824
197 27935
198 27927
199 27871
200 27814
201 27890
202 27956
203 28090
204 28107
205 27874
206 28171
207 27943
208 27949
209 28173
210 28015
211 27972
212 28067
213 28196
214 28024
215 27978
216 27928
217 28107
218 29004
219 27980
220 28003
221 28078
222 27909
223 27905
224 27997
225 27896
226 27790
227 27484
228 26966
229 26706
230 26685
231 26614
232 27051
233 27260
234 27766
235 27837
236 27940
237 27935
238 28039
239 27940
240 28061
241 27988
242 27834
243 27740
244 27693
245 27780
246 27526
247 27610
248 27771
249 28167
250 27916
251 28072
252 27983
253 27388
254 27304
255 27187
256 26888
257 25968
258 24331
259 24507
260 25948
261 27336
262 27848
263 28064
264 27990
265 28164
266 28179
267 28229
268 27904
269 27090
270 26888
271 26676
272 27322
273 27421
274 26873
275 25531
276 22187
277 19332
278 18270
279 20071
280 23468
281 25824
282 26521
283 26246
284 26201
285 26818
286 27294
287 27573
288 27680
289 27729
290 28119
291 27949
292 27588
293 26990
294 26670
295 27191
296 27728
297 27935
298 27746
299 27523
300 26933
301 26067
302 25872
303 26027
304 26523
305 26386
306 26322
307 26247
308 25698
309 25250
310 25728
311 26603
312 27410
313 27966
314 27946
315 28145
316 28232
317 28026
318 28095
319 27995
320 28137
321 28127
322 28056
323 28179
324 28279
325 28406
326 28298
327 28296
328 28348
329 28302
330 28145
331 28367
332 28414
333 28231
334 28121
335 27875
336 27849
337 27668
338 27781
339 27623
340 27801
341 28123
342 28176
343 28084
344 28124
345 28123
346 28128
347 28153
348 28110
349 28072
350 27667
351 27655
352 27903
353 27745
354 27122
355 26274
356 25739
357 25951
358 26983
359 27525
360 27952
361 28339
362 28342
363 28312
364 28663
365 28424
366 28674
367 28647
368 28456
369 28704
370 28738
371 28549
372 28569
373 28665
374 28776
375 28637
376 28384
377 28369
378 28509
379 28501
380 28632
381 28756
382 28731
383 29268
384 28916
385 28684
386 28769
387 28710
388 28304
389 28052
390 27757
391 27621
392 27906
393 28210
394 27882
395 27445
396 26897
397 26842
398 27138
399 27942
400 28678
401 28926
402 29185
403 29225
404 29434
405 29313
406 29358
407 29451
408 29354
409 29394
410 29262
411 29162
412 28902
413 29334
414 29547
415 29287
416 29395
417 29431
418 29397
419 29494
420 29239
421 29440
422 29500
423 29294
424 29440
425 29255
426 29409
427 29096
428 29100
429 28666
430 28830
431 29140
432 29278
433 29260
434 29235
435 29237
436 29357
437 29362
438 29216
439 29299
440 29059
441 29188
442 29093
443 28772
444 32766
445 28884
446 28075
447 26771
448 25796
449 26484
450 27979
451 28682
452 28791
453 28797
454 28961
455 28963
456 28966
457 28726
458 28504
459 28821
460 29087
461 28718
462 28935
463 28591
464 28227
465 27453
466 27114
467 26983
468 26940
469 27002
470 27098
471 27755
472 28248
473 28324
474 28631
475 28617
476 28474
477 28443
478 28631
479 28739
480 28692
481 28822
482 28930
483 28833
484 28750
485 28706
486 28565
487 28585
488 28674
489 28660
490 28737
491 28775
492 28677
493 28545
494 28591
495 27476
496 27622
497 27972
498 28316
499 28486
500 28462
501 28625
502 28505
503 28583
504 28687
505 28606
506 28826
507 28559
508 28483
509 28634
510 28598
511 28617
512 28829
513 28562
514 28499
515 28478
516 28383
517 28213
518 28143
519 28054
520 28094
521 28135
522 28263
523 28425
524 28307
525 28316
526 28236
527 28457
528 28459
529 28412
530 28478
531 28479
532 28543
533 28383
534 28027
535 28174
536 28226
537 28510
538 28454
539 28402
540 28468
541 28340
542 28475
543 28319
544 28330
545 28282
546 28414
547 28274
548 28437
549 28170
550 28308
551 28128
552 28189
553 27928
554 27149
555 26691
556 26919
557 27508
558 27851
559 28015
560 28002
561 27931
562 27986
563 27999
564 27984
565 27944
566 27946
567 28021
568 28125
569 27638
570 27033
571 25344
572 23877
573 24114
574 25673
575 26953
576 27422
577 27771
578 27921
579 28054
580 28023
581 27938
582 27954
583 28055
584 27877
585 28090
586 27899
587 27864
588 27935
589 27985
590 27764
591 27559
592 27165
593 27017
594 27370
595 27539
596 27714
597 27445
598 27315
599 26386
600 24868
601 22725
602 21994
603 23352
604 25214
605 26653
606 27082
607 27430
608 27728
609 27488
610 27393
611 27131
612 26367
613 25729
614 26152
615 26640
616 27112
617 27116
618 27175
619 27009
620 27026
621 26514
622 25177
623 24201
624 24526
625 25701
626 26599
627 27122
628 26967
629 26908
630 27035
631 27052
632 27189
633 27207
634 27300
635 27199
636 27404
637 27208
638 27261
639 27135
640 26962
641 27052
642 27043
643 26983
644 27244
645 27075
646 27078
647 27054
648 27310
649 27068
650 27143
651 27006
652 26944
653 27040
654 27037
655 27032
656 27080
657 26751
658 26748
659 26415
660 26472
661 26538
662 26550
663 26341
664 25920
665 24678
666 23380
667 23217
668 24629
669 25873
670 26521
671 26591
672 26576
673 26407
674 26501
675 26566
676 26418
677 26195
678 25423
679 25194
680 25568
681 26108
682 26160
683 25989
684 26085
685 26116
686 26002
687 25970
688 25716
689 25830
690 25955
691 26118
692 25914
693 25787
694 25841
695 25681
696 25634
697 25463
698 25347
699 24925
700 24152
701 23729
702 23787
703 24396
704 24850
705 25230
706 25051
707 25051
708 25025
709 25201
710 25291
711 25097
712 25023
713 24512
714 23706
715 23112
716 22795
717 23745
718 24332
719 24663
720 24640
721 24415
722 24331
723 24285
724 23996
725 23566
726 23552
727 23884
728 23780
729 23763
730 23754
731 23515
732 23635
733 23660
734 23705
735 23657
736 23643
737 23471
738 23498
739 23378
740 23169
741 23147
742 22966
743 22667
744 22124
745 21514
746 21618
747 21939
748 21922
749 21936
750 21447
751 21212
752 21078
753 21259
754 20975
755 20824
756 20372
757 20180
758 20160
759 20210
760 20368
761 20191
762 20045
763 19847
764 19590
765 19173
766 18834
767 18402
768 18034
769 17428
770 16519
771 15454
772 13983
773 12365
774 10735
775 9286
776 8060
777 7041
778 6507
779 6258
780 5901
781 5960
782 6049
783 6307
784 6752
785 7770
786 8968
787 10350
788 11816
789 12956
790 13784
791 14653
792 15756
793 17185
794 18040
795 18526
796 19160
797 19374
798 19692
799 19853
800 20096
801 20455
802 20616
803 20976
804 21066
805 21153
806 21226
807 21499
808 21708
809 21876
810 21902
811 22201
812 22303
813 22295
814 22454
815 22557
816 22734
817 22747
818 22875
819 22986
820 23077
821 23412
822 23435
823 23434
824 23425
825 23694
826 23798
827 23796
828 23950
829 24059
830 23928
831 24036
832 24351
833 24234
834 24252
835 24354
836 24524
837 24386
838 24255
839 24088
840 23967
841 23860
842 23991
843 24321
844 24476
845 24874
846 24397
847 23880
848 22839
849 22124
850 22367
851 23221
852 24255
853 24739
854 25234
855 25246
856 25357
857 25486
858 25443
859 25332
860 25183
861 25423
862 25666
863 25426
864 25494
865 25365
866 25512
867 25529
868 25703
869 25865
870 25664
871 25873
872 25868
873 25729
874 25368
875 24235
876 23692
877 24188
878 25302
879 25853
880 26275
881 26174
882 26669
883 26369
884 26456
885 26518
886 26575
887 26394
888 26329
889 26514
890 26500
891 26490
892 26647
893 26604
894 26724
895 26822
896 26854
897 26768
898 26851
899 26835
900 26849
901 26799
902 26554
903 26181
904 25455
905 24119
906 23290
907 24004
908 25590
909 26436
910 26142
911 25604
912 25286
913 25561
914 26315
915 26980
916 27103
917 27427
918 27435
919 27347
920 27312
921 27481
922 27395
923 27331
924 27493
925 27474
926 27438
927 27413
928 27523
929 27520
930 27548
931 27492
932 27714
933 27698
934 27695
935 27633
936 27643
937 27467
938 27710
939 27551
940 27694
941 27727
942 28032
943 27954
944 27855
945 27592
946 27696
947 27668
948 27651
949 27496
950 27497
951 27603
952 27184
953 27428
954 27493
955 27355
956 27503
957 27586
958 27607
959 27533
960 27451
961 27486
962 27657
963 27664
964 27322
965 27416
966 27284
967 27069
968 26910
969 26444
970 26329
971 26542
972 26991
973 27148
974 27520
975 27383
976 27278
977 27322
978 27185
979 27271
980 27097
981 27330
982 27277
983 27235
984 27341
985 28786
986 27094
987 27137
988 27272
989 27449
990 27318
991 27228
992 27142
993 27118
994 27201
995 27112
996 27011
997 26689
998 26673
999 26523
1000 26421
1001 26814
1002 26820
1003 27059
1004 26554
1005 26627
1006 26579
1007 26696
1008 27125
1009 27241
1010 27357
1011 27138
1012 27261
1013 27171
1014 27076
1015 27140
1016 27172
1017 27038
1018 27033
1019 27279
1020 27244
1021 27371
1022 27224
1023 26962
1024 26992
1025 27077
1026 27252
1027 27436
1028 27416
1029 27429
1030 26841
1031 26034
1032 25549
1033 25334
1034 25515
1035 26250
1036 26649
1037 26803
1038 27103
1039 27122
1040 27361
1041 27402
1042 27413
1043 27298
1044 27442
1045 26968
1046 26265
1047 25278
1048 24908
1049 25084
1050 26181
1051 26731
1052 27253
1053 27398
1054 27396
1055 27549
1056 27694
1057 27812
1058 27853
1059 27950
1060 27820
1061 28006
1062 27852
1063 27896
1064 28020
1065 27882
1066 28125
1067 28038
1068 28158
1069 27981
1070 28224
1071 28153
1072 28162
1073 28163
1074 28191
1075 28229
1076 28297
1077 28373
1078 28253
1079 28116
1080 28663
1081 28185
1082 28118
1083 28356
1084 28290
1085 28276
1086 28276
1087 28102
1088 28212
1089 28147
1090 28272
1091 28436
1092 28398
1093 28369
1094 28391
1095 28402
1096 28889
1097 28273
1098 28370
1099 27988
1100 27739
1101 27333
1102 26826
1103 25567
1104 23494
1105 22001
1106 22976
1107 24902
1108 26674
1109 27852
1110 27903
1111 28447
1112 27929
1113 27123
1114 26001
1115 24321
1116 24194
1117 25209
1118 26749
1119 27896
1120 28087
1121 28032
1122 28190
1123 28416
1124 28347
1125 28405
1126 28255
1127 28298
1128 28344
1129 28176
1130 28276
1131 28378
1132 28090
1133 28221
1134 28261
1135 28180
1136 28022
1137 28014
1138 28160
1139 27972
1140 28049
1141 28025
1142 28074
1143 28023
1144 27809
1145 27928
1146 28013
1147 28032
1148 27855
1149 27834
1150 27866
1151 28124
1152 27797
1153 27412
1154 26618
1155 26046
1156 26331
1157 26988
1158 27586
1159 27886
1160 27752
1161 27700
1162 27624
1163 27565
1164 27436
1165 27204
1166 27102
1167 26788
1168 26871
1169 26643
1170 26843
1171 26897
1172 27191
1173 27557
1174 27588
1175 27442
1176 27588
1177 27671
1178 27560
1179 27617
1180 27677
1181 27631
1182 27684
1183 27424
1184 27723
1185 27571
1186 27532
1187 27616
1188 27612
1189 27534
1190 27657
1191 27470
1192 27500
1193 27272
1194 27447
1195 27324
1196 27321
1197 27146
1198 26982
1199 26810
1200 26613
1201 26884
1202 27108
1203 27069
1204 27056
1205 27119
1206 26969
1207 27024
1208 27085
1209 27147
1210 27004
1211 27031
1212 27103
1213 27075
1214 27043
1215 26793
1216 27030
1217 26868
1218 26950
1219 26880
1220 26845
1221 26916
1222 26872
1223 26888
1224 26953
1225 26784
1226 26752
1227 26722
1228 26435
1229 25953
1230 24710
1231 24082
1232 24534
1233 25340
1234 26043
1235 26476
1236 26447
1237 26283
1238 26330
1239 26350
1240 27478
1241 26618
1242 26377
1243 26279
1244 26127
1245 26009
1246 26222
1247 26187
1248 26481
1249 26341
1250 26496
1251 26420
1252 26399
1253 26180
1254 26111
1255 25933
1256 25828
1257 25494
1258 25627
1259 25903
1260 26006
1261 26017
1262 26169
1263 25844
1264 26117
1265 25918
1266 26072
1267 25772
1268 25570
1269 25733
1270 25697
1271 25848
1272 25954
1273 25882
1274 25773
1275 25685
1276 25728
1277 25491
1278 24538
1279 23850
1280 23571
1281 23779
1282 24515
1283 25177
1284 25363
1285 25208
1286 25129
1287 25463
1288 25524
1289 25572
1290 25451
1291 25647
1292 25496
1293 25409
1294 25451
1295 25342
1296 25442
1297 25205
1298 25412
1299 25157
1300 25106
1301 25096
1302 25203
1303 25085
1304 24794
1305 24976
1306 24907
1307 25039
1308 25141
1309 24920
1310 24991
1311 24694
1312 24515
1313 24629
1314 24735
1315 24861
1316 25130
1317 25001
1318 24890
1319 25148
1320 24806
1321 24924
1322 24816
1323 24706
1324 24798
1325 24598
1326 24578
1327 24228
1328 24403
1329 24343
1330 24375
1331 24373
1332 24583
1333 24615
1334 24669
1335 24525
1336 24685
1337 24671
1338 24627
1339 24742
1340 24675
1341 24413
1342 24420
1343 24540
1344 24439
1345 24584
1346 24428
1347 24552
1348 24351
1349 24523
1350 24586
1351 24513
1352 24618
1353 24522
1354 24289
1355 24239
1356 24469
1357 24411
1358 24655
1359 24413
1360 24474
1361 24531
1362 24325
1363 24294
1364 24362
1365 24248
1366 24191
1367 24323
1368 24114
1369 24277
1370 24199
1371 24272
1372 24104
1373 24145
1374 23934
1375 24031
1376 24006
1377 23970
1378 24134
1379 24130
1380 24136
1381 23993
1382 24020
1383 24073
1384 23898
1385 23824
1386 23976
1387 23879
1388 23795
1389 23801
1390 23801
1391 23752
1392 23421
1393 23610
1394 23812
1395 23686
1396 23645
1397 23528
1398 23769
1399 23481
1400 23706
1401 23586
1402 23596
1403 23411
1404 23655
1405 23652
1406 23514
1407 23372
1408 23494
1409 23263
1410 23084
1411 23340
1412 23272
1413 23238
1414 23260
1415 23402
1416 23401
1417 23295
1418 23110
1419 23266
1420 23015
1421 23121
1422 23196
1423 23066
1424 23110
1425 23081
1426 22976
1427 23029
1428 23153
1429 23249
1430 23023
1431 23034
1432 22764
1433 22935
1434 22929
1435 23051
1436 22919
1437 22978
1438 22921
1439 22806
1440 22860
1441 22991
1442 23009
1443 22961
1444 22906
1445 23056
1446 22961
1447 22898
1448 22961
1449 22915
1450 22814
1451 22746
1452 22845
1453 22839
1454 22715
1455 22994
1456 23005
1457 22855
1458 22923
1459 22776
1460 22794
1461 22768
1462 22615
1463 22664
1464 22664
1465 22780
1466 22654
1467 22650
1468 22931
1469 22845
1470 22564
1471 22836
1472 22787
1473 22943
1474 22653
1475 22293
1476 22055
1477 21998
1478 22112
1479 21828
1480 21791
1481 21964
1482 22413
1483 22478
1484 22393
1485 22551
1486 22368
1487 22397
1488 22475
1489 22565
1490 22281
1491 22372
1492 22326
1493 22439
1494 22505
1495 22507
1496 22513
1497 22479
1498 22550
1499 22277
1500 22383
1501 22268
1502 22241
1503 22237
1504 22267
1505 22088
1506 22195
1507 22032
1508 22098
1509 21980
1510 21906
1511 22063
1512 21826
1513 21915
1514 21709
1515 21780
1516 21671
1517 21519
1518 21570
1519 21748
1520 21696
1521 21701
1522 21705
1523 21645
1524 21766
1525 21652
1526 22003
1527 22241
1528 22363
1529 22634
