0 30491
1 29849
2 29498
3 29253
4 28888
5 28274
6 27607
7 26151
8 24775
9 23449
10 24028
11 25822
12 28118
13 29548
14 30474
15 30878
16 31201
17 31153
18 31286
19 31456
20 31345
21 31444
22 31373
23 31298
24 31218
25 31058
26 31163
27 30833
28 30973
29 30896
30 30578
31 30633
32 30426
33 30211
34 29938
35 29417
36 28629
37 28028
38 27513
39 27590
40 28344
41 29337
42 30245
43 30302
44 30663
45 30691
46 30685
47 30606
48 30653
49 30407
50 30170
51 29711
52 29586
53 29620
54 29846
55 30170
56 30523
57 30582
58 30701
59 30476
60 30732
61 30622
62 30667
63 30698
64 30674
65 30469
66 30047
67 30055
68 29799
69 29807
70 29782
71 29716
72 29789
73 29576
74 29775
75 29713
76 29713
77 29614
78 29323
79 28727
80 28052
81 27726
82 27622
83 27821
84 28427
85 29092
86 29418
87 29589
88 29565
89 29461
90 29313
91 29108
92 29186
93 29207
94 29453
95 29636
96 29590
97 29579
98 29669
99 29539
100 29352
101 29003
102 28766
103 28166
104 27809
105 27196
106 26563
107 25685
108 24845
109 23982
110 23757
111 23832
112 24546
113 25180
114 25921
115 26357
116 26845
117 26966
118 27383
119 27269
120 27145
121 27412
122 27437
123 27399
124 27366
125 26898
126 26218
127 25524
128 24904
129 25180
130 25409
131 25821
132 25886
133 25960
134 25797
135 25951
136 26110
137 26035
138 26198
139 26194
140 26267
141 26262
142 26004
143 25452
144 25052
145 24762
146 24273
147 24057
148 23904
149 24136
150 24128
151 24135
152 23898
153 23799
154 23652
155 23317
156 22724
157 22218
158 21532
159 20716
160 19679
161 18425
162 17198
163 15798
164 14621
165 13352
166 12087
167 10986
168 9966
169 9307
170 9033
171 8935
172 8743
173 8650
174 8453
175 8291
176 7967
177 7748
178 7565
179 7537
180 7460
181 7449
182 7711
183 7841
184 7940
185 8190
186 8507
187 8805
188 9348
189 9906
190 10594
191 11090
192 11581
193 12673
194 13433
195 14323
196 15203
197 16037
198 16571
199 17113
200 17732
201 18508
202 19433
203 20882
204 22018
205 22860
206 23408
207 23701
208 23811
209 23876
210 23709
211 23495
212 23398
213 22498
214 22706
215 22164
216 21793
217 21589
218 21241
219 20911
220 20367
221 20024
222 20248
223 21696
224 23349
225 25012
226 26035
227 26487
228 26949
229 27476
230 27362
231 27526
232 27602
233 27760
234 27708
235 27891
236 27934
237 27869
238 28034
239 27910
240 28027
241 28209
242 28468
243 28654
244 28668
245 28967
246 28837
247 28977
248 28839
249 28883
250 28771
251 28623
252 28596
253 28669
254 29162
255 29174
256 29374
257 29600
258 29540
259 29358
260 29341
261 29272
262 29016
263 29109
264 29260
265 29370
266 29588
267 29891
268 29571
269 29615
270 29284
271 29240
272 29232
273 29177
274 29210
275 29285
276 29706
277 29791
278 29869
279 30092
280 30170
281 30400
282 30424
283 30555
284 30693
285 30497
286 30493
287 30594
288 30552
289 30725
290 30526
291 30450
292 30376
293 30272
294 30193
295 30178
296 30312
297 30424
298 30486
299 30758
300 30832
301 30870
302 31154
303 31347
304 31301
305 31460
306 31597
307 31503
308 31550
309 31654
310 31668
311 31542
312 31503
313 31132
314 31218
315 31114
316 30866
317 30813
318 30740
319 30775
320 30708
321 30969
322 31134
323 31462
324 31589
325 31485
326 31687
327 31410
328 31448
329 31253
330 31097
331 31414
332 31516
333 31622
334 31920
335 31991
336 32040
337 32290
338 32335
339 32264
340 32246
341 32315
342 32241
343 31920
344 31950
345 31791
346 31638
347 31572
348 31457
349 31397
350 31415
351 31605
352 31464
353 31393
354 31415
355 31062
356 30803
357 30248
358 29507
359 28682
360 28247
361 27819
362 27955
363 27992
364 28382
365 28985
366 29572
367 29830
368 29568
369 29100
370 28055
371 26574
372 25000
373 23749
374 23115
375 23455
376 24868
377 26720
378 28397
379 29504
380 30366
381 30812
382 31437
383 31854
384 32087
385 32023
386 32099
387 31846
388 32167
389 32165
390 32320
391 32503
392 32423
393 32349
394 32469
395 32141
396 31995
397 31720
398 31512
399 31305
400 31186
401 31164
402 31430
403 31697
404 31998
405 32247
406 32414
407 32450
408 32499
409 32736
410 32401
411 32371
412 32052
413 31707
414 31456
415 31077
416 30759
417 30744
418 30719
419 30706
420 31104
421 31211
422 30908
423 31185
424 31247
425 31053
426 31256
427 30998
428 30959
429 30887
430 30891
431 30968
432 30911
433 31111
434 31160
435 31521
436 31630
437 31842
438 31845
439 31975
440 31928
441 32087
442 32119
443 31863
444 31999
445 32088
446 32321
447 32271
448 32131
449 32190
450 32218
451 32060
452 32006
453 31851
454 31502
455 30832
456 29953
457 28274
458 26622
459 25092
460 23937
461 24257
462 25336
463 27092
464 28960
465 30376
466 31214
467 31769
468 32269
469 32363
470 32488
471 32500
472 32561
473 32504
474 32162
475 32261
476 31922
477 31647
478 31338
479 30461
480 29408
481 28688
482 28371
483 28457
484 29137
485 30020
486 31033
487 31614
488 31863
489 32233
490 32398
491 32454
492 32642
493 32656
494 32623
495 32766
496 32657
497 32609
498 32520
499 32578
500 32446
501 32425
502 32204
503 32043
504 31925
505 31982
506 32009
507 31891
508 32061
509 31741
510 31789
511 31842
512 31844
513 31848
514 31950
515 31991
516 31987
517 31887
518 31917
519 31416
520 31341
521 30854
522 30210
523 29402
524 28376
525 27904
526 27876
527 28266
528 28878
529 29769
530 30575
531 31001
532 31280
533 31265
534 31259
535 30844
536 31006
537 30580
538 30162
539 29368
540 28313
541 26292
542 23878
543 21284
544 19708
545 19041
546 19031
547 19726
548 20464
549 20874
550 21577
551 22548
552 24314
553 26150
554 27946
555 29062
556 29786
557 29966
558 30417
559 30319
560 30430
561 30584
562 30689
563 30921
564 31040
565 31065
566 31146
567 31208
568 31153
569 31245
570 31336
571 31516
572 31495
573 31175
574 31545
575 31457
576 31363
577 31529
578 31527
579 31464
580 31707
581 31697
582 31546
583 31634
584 31487
585 31467
586 31302
587 31339
588 31207
589 31043
590 30991
591 30919
592 30972
593 31090
594 31233
595 31524
596 31510
597 31903
598 32013
599 32311
600 32447
601 32206
602 32285
603 32199
604 31962
605 32014
606 31831
607 31873
608 31763
609 31545
610 31537
611 31468
612 31270
613 31257
614 31410
615 31576
616 31635
617 31955
618 32086
619 32104
620 32037
621 32172
622 32182
623 31913
624 31738
625 31732
626 31781
627 31643
628 31793
629 31727
630 31831
631 31729
632 31626
633 31716
634 31974
635 31670
636 31845
637 31784
638 31833
639 31856
640 31755
641 31812
642 31763
643 31581
644 31902
645 31986
646 32296
647 32362
648 32592
649 32683
650 32607
651 32527
652 32596
653 32750
654 32558
655 32628
656 32567
657 32620
658 32760
659 32700
660 32723
661 32676
662 32650
663 32518
664 32342
665 32437
666 32450
667 32349
668 32062
669 32155
670 31990
671 31884
672 31588
673 31607
674 31389
675 31405
676 31569
677 31620
678 32047
679 32097
680 32254
681 32471
682 32442
683 32584
684 32609
685 32623
686 32707
687 32716
688 32584
689 32609
690 32527
691 32593
692 32528
693 32363
694 32510
695 32395
696 32395
697 32324
698 32323
699 32129
700 32200
701 32041
702 32102
703 32060
704 31816
705 31615
706 31177
707 30835
708 30647
709 30526
710 30517
711 30957
712 31361
713 31674
714 31865
715 31886
716 31728
717 31687
718 31430
719 31021
720 30911
721 30313
722 29839
723 28952
724 28290
725 28334
726 28486
727 29157
728 29746
729 30416
730 30739
731 30688
732 30648
733 30531
734 30302
735 30003
736 29403
737 28993
738 28831
739 28854
740 29320
741 29845
742 30445
743 30965
744 31240
745 31563
746 31790
747 31919
748 32177
749 32321
750 32323
751 32240
752 32160
753 32131
754 32045
755 31484
756 31456
757 31261
758 31389
759 31388
760 31569
761 31704
762 31836
763 31955
764 32012
765 32177
766 32309
767 32144
768 32007
769 31883
770 32007
771 31528
772 31593
773 31414
774 31358
775 31404
776 31631
777 31706
778 31387
779 31090
780 31031
781 31164
782 30940
783 30947
784 31053
785 31296
786 31357
787 31733
788 31847
789 31833
790 31910
791 31991
792 32178
793 32000
794 31785
795 31670
796 31458
797 31211
798 30907
799 30367
800 29943
801 30089
802 30035
803 30272
804 30558
805 30609
806 30114
807 29969
808 29914
809 30007
810 29954
811 30192
812 30141
813 30259
814 30370
815 30380
816 30453
817 30770
818 30876
819 30939
820 31265
821 31472
822 31886
823 31954
824 32299
825 32512
826 32488
827 32495
828 32667
829 32560
830 32280
831 32252
832 32396
833 32269
834 32102
835 31829
836 31821
837 31765
838 31679
839 31394
840 31647
841 31397
842 31460
843 31480
844 31536
845 31776
846 31910
847 31948
848 31807
849 32092
850 31601
851 31528
852 31535
853 31439
854 31547
855 31617
856 31487
857 31543
858 31497
859 31589
860 31624
861 31595
862 31733
863 31835
864 31990
865 32264
866 32112
867 31970
868 32062
869 31879
870 31823
871 31570
872 31275
873 30982
874 30507
875 30087
876 30184
877 30562
878 30575
879 30825
880 31432
881 31560
882 31860
883 31933
884 32078
885 31963
886 32237
887 32060
888 31753
889 31201
890 30267
891 29064
892 27507
893 26570
894 26021
895 25796
896 25552
897 25170
898 25072
899 25421
900 25995
901 26482
902 27161
903 27657
904 28300
905 29094
906 29670
907 30269
908 30948
909 31430
910 31590
911 31785
912 31878
913 31890
914 32147
915 32260
916 32328
917 32212
918 32343
919 32016
920 31825
921 31935
922 31892
923 31657
924 31893
925 31826
926 31835
927 31364
928 31492
929 31183
930 30972
931 30569
932 30415
933 30311
934 30268
935 30356
936 30458
937 30596
938 30920
939 30938
940 31172
941 31440
942 31533
943 31796
944 31719
945 31812
946 31849
947 31747
948 31928
949 31789
950 31997
951 32076
952 32184
953 32211
954 32480
955 32502
956 32414
957 32360
958 32270
959 32108
960 31595
961 31450
962 31510
963 31648
964 31742
965 32061
966 32168
967 32294
968 32380
969 32337
970 32128
971 31963
972 32103
973 31947
974 32225
975 32203
976 32477
977 32568
978 32623
979 32602
980 32602
981 32496
982 32491
983 32349
984 32257
985 32252
986 32265
987 32099
988 32189
989 32044
990 32126
991 32184
992 32205
993 32422
994 32416
995 32606
996 32551
997 32480
998 32603
999 32599
1000 32621
1001 32410
1002 32364
1003 32283
1004 32292
1005 32331
1006 32161
1007 32264
1008 32267
1009 32337
1010 32201
1011 32154
1012 32044
1013 32130
1014 31870
1015 31924
1016 31850
1017 31943
1018 32108
1019 32277
1020 32190
1021 32322
1022 32061
1023 32178
1024 32205
1025 32112
1026 32153
1027 32052
1028 31968
1029 32032
1030 32127
1031 32099
1032 31975
1033 31992
1034 32095
1035 31927
1036 32003
1037 31671
1038 31501
1039 31443
1040 31317
1041 31284
1042 31102
1043 31011
1044 31159
1045 30999
1046 30974
1047 31031
1048 31387
1049 31771
1050 31967
1051 32296
1052 32444
1053 32585
1054 32521
1055 32509
1056 32452
1057 32523
1058 32617
1059 32541
1060 32484
1061 32579
1062 32427
1063 32584
1064 32556
1065 32482
1066 32381
1067 32227
1068 32306
1069 32203
1070 32199
1071 32038
1072 31869
1073 31605
1074 31678
1075 31639
1076 31479
1077 31241
1078 31274
1079 30974
1080 30238
1081 29319
1082 28695
1083 28163
1084 28232
1085 28349
1086 28749
1087 29324
1088 29453
1089 29483
1090 28724
1091 27327
1092 25064
1093 22214
1094 19864
1095 18454
1096 18113
1097 19242
1098 21490
1099 23921
1100 26208
1101 28062
1102 29076
1103 29990
1104 30464
1105 30758
1106 30851
1107 31022
1108 31018
1109 30961
1110 31374
1111 31545
1112 31672
1113 32064
1114 32031
1115 31902
1116 31869
1117 31851
1118 31280
1119 30584
1120 29505
1121 27600
1122 25382
1123 23137
1124 21716
1125 21449
1126 22449
1127 24241
1128 26247
1129 27755
1130 29149
1131 30069
1132 30861
1133 31161
1134 31362
1135 31209
1136 30896
1137 30581
1138 29789
1139 29725
1140 29647
1141 30129
1142 30377
1143 30944
1144 31213
1145 31471
1146 31692
1147 31672
1148 31640
1149 31668
1150 31965
1151 32028
1152 32124
1153 32305
1154 32304
1155 32369
1156 32611
1157 32347
1158 32255
1159 32401
1160 32381
1161 32324
1162 32381
1163 32372
1164 32591
1165 32325
1166 32221
1167 32097
1168 31981
1169 32127
1170 31745
1171 31800
1172 31692
1173 31755
1174 31568
1175 31916
1176 31901
1177 32058
1178 32195
1179 32136
1180 32005
1181 31968
1182 31862
1183 31827
1184 31606
1185 31305
1186 31396
1187 31433
1188 31416
1189 31590
1190 31632
1191 31979
1192 31788
1193 31966
1194 31898
1195 31810
1196 31816
1197 32045
1198 32106
1199 32057
1200 32220
1201 32326
1202 32399
1203 32367
1204 32084
1205 32082
1206 31871
1207 31889
1208 32066
1209 32049
1210 31975
1211 32190
1212 32168
1213 32323
1214 32399
1215 32187
1216 32163
1217 32029
1218 31655
1219 31269
1220 31015
1221 30946
1222 31022
1223 31144
1224 31368
1225 31709
1226 31719
1227 31942
1228 31987
1229 31865
1230 31691
1231 31686
1232 31272
1233 30686
1234 29738
1235 28520
1236 27155
1237 26317
1238 26516
1239 27306
1240 27972
1241 29155
1242 29852
1243 30703
1244 31041
1245 31545
1246 31652
1247 31685
1248 31882
1249 31713
1250 31851
1251 31916
1252 31803
1253 31789
1254 31984
1255 31748
1256 31918
1257 31823
1258 31853
1259 31636
1260 31682
1261 31626
1262 31746
1263 31643
1264 31473
1265 31404
1266 30836
1267 30201
1268 29275
1269 28637
1270 28766
1271 29090
1272 29892
1273 30518
1274 30951
1275 31440
1276 31585
1277 31892
1278 31821
1279 31647
1280 31800
1281 31689
1282 31349
1283 31197
1284 30725
1285 30572
1286 30429
1287 30402
1288 30004
1289 29080
1290 28231
1291 28166
1292 28502
1293 29275
1294 29879
1295 30302
1296 30656
1297 30945
1298 30832
1299 30698
1300 30345
1301 29895
1302 29873
1303 29961
1304 30367
1305 30570
1306 31071
1307 31555
1308 31498
1309 31689
1310 31796
1311 31804
1312 31860
1313 31890
1314 32001
1315 31855
1316 31898
1317 32005
1318 31802
1319 31703
1320 31671
1321 31658
1322 31405
1323 31197
1324 31293
1325 31426
1326 31435
1327 31403
1328 31235
1329 30917
1330 30530
1331 30425
1332 30429
1333 30539
1334 30820
1335 30922
1336 31085
1337 31168
1338 31032
1339 30982
1340 31011
1341 31310
1342 31461
1343 31418
1344 31577
1345 31563
1346 31588
1347 31548
1348 31687
1349 31534
1350 31590
1351 31479
1352 31266
1353 31247
1354 31252
1355 31144
1356 31097
1357 30980
1358 31018
1359 30796
1360 30888
1361 31013
1362 31003
1363 31212
1364 31074
1365 31289
1366 31411
1367 31042
1368 31070
1369 30693
1370 30239
1371 29457
1372 29344
1373 29480
1374 29369
1375 29555
1376 29075
1377 28803
1378 28740
1379 28959
1380 29326
1381 29294
1382 29527
1383 29692
1384 29529
1385 29794
1386 30170
1387 30248
1388 30616
1389 30834
1390 31015
1391 31222
1392 31406
1393 31350
1394 31262
1395 31208
1396 31550
1397 31464
1398 31539
1399 31641
1400 31715
1401 31681
1402 31644
1403 31710
1404 31736
1405 31677
1406 31547
1407 31608
1408 31350
1409 31242
1410 31276
1411 31168
1412 31209
1413 31322
1414 31140
1415 31252
1416 31259
1417 31172
1418 31172
1419 31116
1420 30883
1421 30709
1422 30615
1423 30803
1424 30746
1425 31074
1426 31236
1427 31203
1428 31268
1429 31235
1430 31305
1431 31087
1432 30832
1433 30761
1434 30813
1435 30716
1436 31025
1437 30986
1438 30909
1439 31052
1440 31000
1441 31010
1442 30862
1443 30642
1444 30621
1445 30466
1446 30491
1447 29974
1448 30158
1449 29847
1450 29360
1451 28320
1452 27058
1453 26250
1454 25844
1455 26391
1456 27131
1457 27798
1458 28392
1459 28862
1460 29345
1461 29518
1462 29759
1463 30053
1464 30225
1465 30107
1466 29968
1467 29779
1468 29650
1469 29585
1470 29711
1471 29897
1472 30028
1473 30082
1474 30184
1475 30077
1476 30100
1477 29892
1478 30058
1479 29775
1480 29346
1481 29084
1482 28620
1483 28671
1484 28823
1485 29185
1486 29487
1487 29663
1488 29644
1489 29753
1490 29520
1491 29606
1492 29453
1493 29248
1494 29201
1495 29092
1496 29138
1497 29246
1498 29250
1499 29365
1500 29357
1501 29489
1502 29347
1503 29384
1504 29345
1505 29346
1506 29194
1507 29325
1508 29186
1509 28985
1510 28854
1511 28915
1512 28744
1513 28855
1514 28808
1515 28529
1516 28540
1517 28603
1518 28344
1519 28401
1520 28116
1521 27949
1522 27864
1523 27786
1524 27719
1525 27537
1526 27518
1527 27522
1528 27672
1529 27432
