0 29551
1 31020
2 31370
3 31194
4 30947
5 30611
6 30990
7 30928
8 31086
9 31153
10 31214
11 31111
12 30955
13 30948
14 31033
15 30985
16 30964
17 30933
18 30742
19 30761
20 30327
21 29553
22 28518
23 26884
24 24972
25 24361
26 25193
27 27240
28 28942
29 29631
30 30124
31 29877
32 29091
33 27835
34 25972
35 23862
36 22770
37 23379
38 25264
39 27619
40 28825
41 29699
42 29768
43 29527
44 28862
45 28048
46 27394
47 27238
48 27434
49 28037
50 28898
51 29509
52 29759
53 29590
54 29502
55 29265
56 29169
57 28726
58 28502
59 27833
60 27997
61 28568
62 28954
63 28694
64 27947
65 26312
66 23985
67 21751
68 20296
69 20792
70 22330
71 25203
72 27217
73 28812
74 29997
75 30581
76 30514
77 30348
78 30154
79 29940
80 30085
81 30033
82 30261
83 30777
84 31070
85 31034
86 31179
87 31118
88 31206
89 31362
90 31248
91 30726
92 31041
93 31084
94 31325
95 31591
96 31616
97 31672
98 31669
99 31675
100 31913
101 31758
102 31764
103 31613
104 31754
105 31456
106 31677
107 31750
108 31054
109 31125
110 31103
111 31212
112 30995
113 31146
114 31425
115 31608
116 31494
117 31517
118 31640
119 31714
120 31569
121 31622
122 31344
123 31552
124 31357
125 31325
126 31335
127 31425
128 31531
129 31731
130 31749
131 31786
132 31715
133 31623
134 31167
135 31112
136 30753
137 30411
138 29939
139 29855
140 29617
141 29421
142 29453
143 29489
144 29640
145 29918
146 30477
147 30205
148 30093
149 29315
150 28841
151 29118
152 29646
153 30351
154 30936
155 31330
156 31079
157 31248
158 31077
159 31244
160 30943
161 30823
162 31248
163 31171
164 31309
165 31330
166 31214
167 31217
168 31146
169 31435
170 31262
171 31156
172 30991
173 31125
174 31263
175 31090
176 31386
177 31642
178 31474
179 31508
180 30903
181 30257
182 29560
183 28755
184 28240
185 28637
186 29039
187 29557
188 29951
189 30174
190 29891
191 29791
192 26466
193 28695
194 27793
195 27514
196 26859
197 25414
198 23495
199 21939
200 21650
201 23127
202 25613
203 27966
204 29228
205 30353
206 31100
207 31210
208 31342
209 31643
210 31791
211 31598
212 31838
213 24921
214 31967
215 32027
216 32018
217 32173
218 32404
219 32154
220 32322
221 32297
222 31871
223 31931
224 32078
225 32111
226 32010
227 31915
228 32221
229 32187
230 32189
231 32068
232 32184
233 32170
234 32180
235 32059
236 32058
237 32239
238 31969
239 32203
240 31870
241 31805
242 31684
243 31753
244 31814
245 31896
246 31904
247 31682
248 32202
249 31894
250 32030
251 31906
252 31955
253 31904
254 31808
255 31389
256 31128
257 30460
258 30442
259 30405
260 30812
261 31015
262 31248
263 31622
264 31359
265 31484
266 31358
267 31223
268 31357
269 31274
270 31263
271 31063
272 30959
273 30761
274 30770
275 30844
276 30893
277 30717
278 30302
279 30222
280 29895
281 29026
282 28577
283 27971
284 28135
285 28521
286 29317
287 29968
288 30620
289 30885
290 31195
291 31391
292 31450
293 31359
294 31034
295 30674
296 30507
297 29800
298 29058
299 28220
300 27207
301 26745
302 26838
303 27465
304 28016
305 28461
306 29328
307 29633
308 29990
309 29957
310 29827
311 29545
312 29053
313 29013
314 29440
315 29627
316 29791
317 29937
318 30144
319 30026
320 30055
321 30283
322 30402
323 30329
324 30584
325 30617
326 30749
327 30731
328 31075
329 31084
330 31529
331 31521
332 31111
333 31673
334 31572
335 31324
336 31366
337 31061
338 30896
339 30582
340 30507
341 30651
342 30320
343 30607
344 30923
345 31303
346 31660
347 31399
348 31406
349 31378
350 31408
351 31288
352 31272
353 31505
354 31256
355 30983
356 30741
357 30723
358 30441
359 30166
360 30354
361 30743
362 30860
363 30915
364 30971
365 31208
366 31348
367 31665
368 31523
369 31931
370 31855
371 31878
372 31842
373 31859
374 31692
375 31619
376 31514
377 31648
378 31815
379 31859
380 31865
381 32049
382 32362
383 32285
384 32017
385 32163
386 32283
387 32110
388 32246
389 32063
390 32061
391 31750
392 31853
393 32019
394 32088
395 31859
396 31937
397 31779
398 31435
399 30940
400 30198
401 29327
402 29067
403 28880
404 29939
405 30808
406 31487
407 32003
408 32154
409 32214
410 32125
411 31948
412 31840
413 31988
414 31764
415 31627
416 31938
417 31905
418 32135
419 32210
420 32303
421 32315
422 32393
423 32191
424 32158
425 31713
426 31593
427 31102
428 31295
429 31150
430 31543
431 32057
432 31976
433 31727
434 32042
435 31861
436 31786
437 31398
438 31337
439 31374
440 31353
441 31062
442 30994
443 31023
444 31032
445 31274
446 31453
447 31252
448 31097
449 29726
450 30178
451 29039
452 27326
453 24964
454 22489
455 21069
456 21336
457 23192
458 25491
459 27860
460 28985
461 29758
462 30007
463 30162
464 30400
465 30637
466 30814
467 30846
468 31196
469 30631
470 30446
471 30336
472 30302
473 30443
474 30689
475 31319
476 31285
477 31870
478 31726
479 31871
480 32050
481 32155
482 32145
483 32114
484 32496
485 32274
486 32247
487 32050
488 31932
489 31678
490 31396
491 31284
492 31419
493 31484
494 31516
495 31559
496 31595
497 31356
498 30526
499 29765
500 28409
501 26626
502 24339
503 22371
504 21215
505 21405
506 22941
507 25063
508 27313
509 28740
510 29568
511 29601
512 29641
513 29999
514 30334
515 30854
516 31019
517 31418
518 31499
519 31269
520 31095
521 30958
522 30487
523 29873
524 30012
525 30034
526 30409
527 31018
528 31406
529 31698
530 31493
531 31411
532 31038
533 30488
534 30289
535 29933
536 30154
537 30696
538 31262
539 31536
540 31801
541 32056
542 32059
543 32095
544 32327
545 32439
546 32234
547 32328
548 32350
549 32333
550 32260
551 32551
552 32766
553 32696
554 32611
555 32538
556 32667
557 32452
558 32549
559 32503
560 32407
561 32436
562 32109
563 31964
564 31708
565 31740
566 31938
567 31940
568 32230
569 32136
570 32090
571 31928
572 32001
573 31902
574 31963
575 31827
576 31671
577 32003
578 32184
579 31703
580 32132
581 31721
582 31340
583 31031
584 30015
585 28754
586 27707
587 27283
588 27879
589 28912
590 30017
591 30726
592 31358
593 31426
594 31862
595 31888
596 31778
597 32032
598 31758
599 31855
600 31994
601 31822
602 31842
603 31800
604 31643
605 31520
606 31343
607 31449
608 31616
609 31962
610 32018
611 32114
612 32289
613 32586
614 32046
615 31998
616 31882
617 31324
618 31311
619 31214
620 31189
621 31112
622 31340
623 31466
624 31588
625 31290
626 31379
627 31407
628 31355
629 31140
630 31326
631 31374
632 31328
633 31336
634 31354
635 31613
636 31655
637 31642
638 31515
639 31661
640 31869
641 31555
642 31586
643 31939
644 31949
645 32028
646 32090
647 32056
648 32062
649 32155
650 32228
651 32233
652 32502
653 32295
654 32353
655 32248
656 32100
657 32014
658 31888
659 31994
660 31848
661 31396
662 31475
663 31215
664 31170
665 30852
666 30558
667 30241
668 30031
669 29947
670 29740
671 29805
672 29943
673 30472
674 30765
675 30929
676 31491
677 31595
678 32002
679 32229
680 32278
681 32197
682 32181
683 32437
684 32226
685 32224
686 32185
687 32476
688 32184
689 32467
690 32267
691 32325
692 32500
693 32280
694 32076
695 31861
696 31415
697 30670
698 30433
699 30054
700 30381
701 30516
702 30897
703 31396
704 31456
705 31584
706 31353
707 31567
708 31635
709 31494
710 31388
711 31843
712 31957
713 32216
714 32441
715 32140
716 32149
717 32064
718 31829
719 31656
720 31475
721 31166
722 31056
723 31032
724 31155
725 31632
726 31634
727 31688
728 31765
729 31794
730 31979
731 32025
732 32096
733 32071
734 32218
735 31964
736 32064
737 32217
738 31657
739 31767
740 31949
741 31469
742 31356
743 31621
744 31499
745 31523
746 31163
747 31355
748 31242
749 30848
750 30516
751 30205
752 29315
753 28328
754 26732
755 25692
756 26262
757 27292
758 28543
759 30121
760 30900
761 31427
762 31921
763 31918
764 31933
765 32012
766 31931
767 32056
768 31851
769 32023
770 31891
771 31818
772 31888
773 31469
774 31052
775 30726
776 30887
777 31057
778 30864
779 30849
780 30956
781 31144
782 31160
783 31478
784 31236
785 31259
786 31503
787 31450
788 31511
789 31489
790 31292
791 31467
792 31244
793 31278
794 31373
795 30974
796 30680
797 30292
798 29078
799 27632
800 25755
801 22775
802 19785
803 17978
804 18200
805 19979
806 22635
807 25184
808 27310
809 28669
810 29437
811 30169
812 30516
813 31169
814 31521
815 31377
816 31731
817 31547
818 31652
819 31563
820 31669
821 31886
822 31684
823 31517
824 31653
825 31373
826 31125
827 30917
828 31031
829 30979
830 31149
831 31401
832 31209
833 31173
834 30999
835 30999
836 30831
837 30963
838 30723
839 31123
840 31435
841 31660
842 31607
843 31782
844 31839
845 31811
846 31663
847 31630
848 31583
849 31633
850 31767
851 31736
852 31918
853 31983
854 31979
855 31773
856 31318
857 30708
858 30085
859 29238
860 28929
861 29226
862 29527
863 30137
864 30519
865 30519
866 30775
867 30443
868 30085
869 29400
870 28352
871 26513
872 23892
873 21252
874 19176
875 18602
876 19679
877 21963
878 24482
879 27237
880 28906
881 30188
882 30854
883 31402
884 31583
885 31883
886 32067
887 32193
888 32086
889 31996
890 32080
891 32276
892 31945
893 32007
894 31943
895 31908
896 31651
897 31779
898 31662
899 31840
900 32055
901 32196
902 32156
903 31999
904 31892
905 32015
906 32041
907 31964
908 32115
909 31582
910 31748
911 31584
912 31098
913 31034
914 30311
915 29050
916 26949
917 25395
918 24685
919 25161
920 26474
921 27969
922 29323
923 30291
924 30883
925 31189
926 31330
927 31441
928 31420
929 31322
930 31473
931 31553
932 31408
933 31340
934 31333
935 31060
936 30735
937 30435
938 30329
939 30137
940 29880
941 29607
942 28745
943 26773
944 24369
945 21675
946 20693
947 21312
948 22970
949 25133
950 27290
951 28674
952 29478
953 29775
954 30177
955 30270
956 30507
957 30354
958 30588
959 30582
960 30635
961 30531
962 30405
963 30639
964 30650
965 31090
966 31654
967 31746
968 31948
969 31655
970 31876
971 31778
972 31740
973 31805
974 31569
975 31568
976 31418
977 31043
978 31123
979 31076
980 30875
981 30790
982 30912
983 30884
984 30928
985 31043
986 30907
987 30978
988 30408
989 30703
990 30397
991 30686
992 30842
993 30739
994 30912
995 31026
996 31213
997 31239
998 31249
999 31272
1000 31404
1001 31519
1002 31457
1003 31620
1004 31803
1005 31791
1006 31691
1007 31618
1008 31752
1009 31587
1010 31664
1011 31627
1012 31602
1013 31453
1014 31257
1015 31382
1016 31367
1017 31372
1018 31529
1019 31484
1020 31316
1021 31205
1022 31301
1023 31449
1024 31066
1025 30932
1026 30692
1027 30246
1028 30155
1029 29678
1030 29371
1031 29513
1032 29377
1033 29399
1034 29324
1035 29399
1036 29457
1037 29346
1038 29449
1039 29459
1040 29741
1041 29680
1042 29834
1043 29796
1044 29663
1045 29566
1046 29667
1047 29123
1048 29050
1049 28905
1050 28718
1051 29206
1052 29612
1053 29883
1054 30106
1055 30183
1056 30110
1057 30168
1058 30291
1059 30023
1060 29909
1061 29516
1062 28902
1063 27811
1064 26263
1065 23671
1066 20719
1067 19227
1068 19208
1069 20802
1070 22664
1071 24403
1072 26605
1073 28010
1074 28709
1075 29405
1076 29770
1077 30080
1078 30060
1079 30193
1080 30494
1081 30733
1082 30877
1083 30969
1084 30990
1085 30919
1086 31130
1087 30855
1088 30794
1089 30958
1090 30817
1091 30828
1092 30864
1093 31035
1094 30866
1095 30668
1096 30795
1097 30304
1098 30043
1099 29192
1100 27756
1101 26247
1102 25111
1103 25277
1104 26173
1105 27157
1106 28193
1107 29182
1108 29459
1109 29948
1110 29910
1111 29908
1112 29377
1113 29068
1114 28370
1115 27784
1116 27299
1117 27321
1118 27616
1119 28437
1120 28965
1121 29380
1122 29823
1123 29854
1124 29889
1125 29650
1126 29291
1127 28477
1128 28099
1129 28002
1130 27700
1131 27712
1132 27922
1133 28046
1134 28494
1135 28718
1136 29310
1137 29482
1138 29826
1139 29740
1140 29094
1141 28906
1142 29075
1143 29069
1144 29180
1145 29033
1146 29063
1147 29070
1148 28657
1149 28033
1150 27568
1151 26406
1152 25629
1153 24784
1154 24874
1155 25169
1156 26083
1157 27120
1158 28060
1159 28453
1160 28984
1161 29435
1162 29697
1163 29682
1164 29784
1165 29565
1166 29553
1167 29354
1168 29589
1169 29144
1170 28713
1171 28284
1172 27822
1173 28068
1174 28284
1175 29006
1176 29367
1177 29637
1178 29700
1179 29795
1180 29607
1181 29582
1182 29512
1183 29156
1184 29102
1185 28910
1186 28646
1187 28710
1188 28836
1189 28702
1190 28544
1191 28470
1192 28034
1193 27624
1194 27369
1195 27294
1196 27218
1197 27315
1198 27591
1199 27530
1200 27335
1201 26968
1202 26334
1203 24979
1204 22652
1205 21185
1206 21379
1207 22892
1208 24422
1209 25995
1210 27311
1211 28084
1212 28587
1213 28958
1214 29061
1215 29350
1216 29309
1217 29378
1218 29557
1219 29375
1220 29414
1221 29320
1222 28956
1223 28627
1224 29060
1225 28881
1226 28616
1227 28324
1228 28403
1229 28261
1230 28090
1231 27843
1232 27098
1233 26285
1234 25488
1235 24929
1236 25554
1237 26427
1238 27392
1239 27730
1240 28367
1241 28556
1242 28548
1243 28603
1244 28419
1245 28408
1246 28044
1247 27921
1248 27222
1249 27136
1250 27344
1251 27701
1252 27921
1253 28138
1254 28334
1255 28328
1256 28275
1257 28524
1258 27635
1259 28505
1260 28282
1261 28479
1262 28125
1263 28058
1264 27385
1265 27452
1266 27635
1267 27491
1268 27354
1269 27239
1270 27254
1271 27291
1272 27730
1273 27469
1274 27583
1275 27217
1276 26617
1277 25969
1278 25406
1279 25374
1280 25759
1281 26187
1282 26754
1283 27196
1284 27238
1285 27379
1286 27368
1287 27164
1288 27017
1289 26760
1290 27101
1291 27202
1292 27233
1293 27214
1294 27426
1295 27103
1296 27127
1297 27233
1298 26685
1299 26572
1300 25717
1301 25356
1302 24606
1303 24541
1304 23671
1305 22318
1306 21467
1307 21411
1308 21658
1309 22279
1310 22786
1311 23224
1312 23916
1313 24238
1314 24672
1315 24721
1316 25024
1317 24988
1318 25204
1319 25033
1320 25186
1321 25157
1322 24686
1323 23923
1324 23203
1325 22681
1326 22969
1327 23088
1328 23385
1329 23361
1330 23323
1331 23281
1332 22192
1333 23263
1334 23286
1335 23837
1336 23907
1337 24055
1338 24042
1339 23790
1340 23481
1341 23055
1342 22674
1343 22113
1344 21710
1345 21617
1346 21650
1347 21692
1348 21834
1349 21873
1350 21881
1351 21975
1352 21608
1353 21434
1354 21227
1355 20450
1356 19795
1357 18892
1358 18149
1359 17016
1360 15852
1361 14853
1362 13760
1363 12365
1364 9850
1365 10009
1366 9305
1367 8998
1368 8917
1369 8765
1370 8782
1371 8512
1372 8366
1373 8200
1374 8012
1375 7735
1376 7578
1377 7489
1378 7520
1379 7428
1380 7655
1381 7795
1382 7928
1383 7914
1384 8300
1385 8653
1386 9200
1387 9583
1388 9995
1389 10558
1390 11294
1391 11773
1392 12337
1393 13348
1394 13924
1395 14440
1396 14879
1397 14853
1398 15300
1399 16098
1400 17385
1401 18560
1402 19758
1403 20308
1404 20640
1405 20848
1406 21190
1407 21353
1408 21210
1409 20767
1410 20767
1411 20313
1412 19821
1413 19284
1414 18901
1415 18725
1416 18876
1417 18337
1418 17074
1419 16599
1420 17416
1421 18679
1422 20211
1423 21276
1424 22431
1425 23098
1426 23757
1427 24116
1428 24395
1429 24398
1430 24442
1431 24277
1432 24158
1433 24027
1434 24321
1435 24258
1436 23942
1437 24180
1438 24375
1439 24648
1440 24788
1441 24770
1442 25090
1443 25076
1444 25326
1445 25060
1446 24808
1447 24759
1448 24707
1449 24794
1450 25056
1451 25264
1452 25537
1453 25532
1454 25724
1455 25612
1456 25645
1457 25493
1458 25473
1459 25337
1460 25155
1461 25264
1462 25218
1463 25635
1464 25676
1465 25663
1466 25739
1467 25471
1468 25149
1469 24973
1470 24816
1471 25111
1472 25146
1473 25167
1474 25280
1475 25423
1476 25530
1477 25507
1478 25800
1479 25877
1480 26029
1481 26202
1482 26099
1483 26211
1484 26257
1485 26263
1486 26464
1487 26207
1488 26290
1489 26119
1490 25710
1491 25593
1492 25424
1493 25644
1494 25512
1495 25442
1496 25581
1497 25769
1498 25839
1499 26028
1500 26151
1501 26006
1502 26193
1503 26237
1504 26318
1505 26319
1506 26533
1507 26465
1508 26685
1509 26598
1510 26545
1511 26147
1512 26460
1513 25987
1514 25996
1515 25612
1516 25770
1517 25434
1518 25513
1519 25663
1520 25848
1521 25964
1522 26112
1523 26377
1524 26196
1525 26196
1526 26132
1527 25791
1528 25019
1529 25266
